0000000000
1000000000
2000000000
8566329993
1034484340
9812240598
2612240247
5070871386
3821838414
8736583922
4468603665
7286183102
5406993038
3408640442
3294033266
2108465793
3643151857
9917204318
2887796736
6300949786
8056600927
2814258020
9608866749
8546008082
4867160571
9383310987
2776566243
2678179885
2208262882
0821651845
3712864463
7254609417
8318184459
3517225510
0593631327
2815209691
6003497701
7076940122
0954412647
6089493304
4142965722
0078978129
1555265341
7908015906
1947587656
5453439833
8833644280
0833453256
5567646351
3758703268
0038671920
7402700357
8554139389
2091708331
4932467694
2054587850
7996613288
9913573403
6797754725
4903219263
5147202769
9520240909
0410280100
8768353176
3546723117
6094646160
5630703704
8377821647
1569290747
2885252886
8965568993
3268081180
1008334072
7026203072
3956477391
4080382250
6569092596
5716870034
4972903480
4992074975
8942765230
2707586562
0340114229
1951157961
3492618702
5853522503
3264757878
7141769224
0663854399
3043070238
5677918392
6825012098
9751153248
4392487045
6760738218
9744248794
6209901016
0636729774
8922591508
8019529074