0558971759
5925624084
3574276427
4240723929
6628353501
8546511982
9314094850
1018112261
4012767841
3740547162
2450036996
9389111409
1319643371
0061245747
0456062161
3308084295
5619142589
8896372346
0989241679
5707910140
6284145705
5925624084
8506445905
6397399236
4648488170
1943315729
9361580602
8140842549
6219737907
5221684335
2098693861
3585272577
5361870596
6607167516
5128000121
5023580020
6956827312
2755418166
6327976773
0274351618
8050903312
2053772706
8324229615
2977412959
4688520358
3516195788
2170177670
7307505316
9352183139
4190224201
8288569868
7248739060
7579894230
4886146124
9924015083
3793962949
4016549236
6618794445
3294080411
2549203758
4854320425
9276560659
3638092835
9778203615
9747805227
2187042937
8411944084
6117712372
6153177282
3249404434
1964138891
9915946572
9903467557
1102359276
2526410227
9132619053
6345529999
0427633530
4455583622
6390139515
7854329789
4558810382
2638594782
4845932546
2791469729
7161513537
3261878160
8190739144
0527420558
7657653604
5246106799
8268025738
6044238174
6256368145
9144383862
7882057312
8725947828
7642837579
6826467574
6453279097