0000000000
1000000000
2000000000
6997473258
9675703058
6848271845
7440665953
9661366177
8821952902
5869655387
4916092641
8492744953
2877580542
0114977517
9710018518
1755750512
6710907760
1242621257
1283860466
5246154111
1357656457
2969807690
8184691834
4328022493
9941505516
9567113684
8821110197
8678284606
9651548727
5950462342
2834293117
9631271849
5048306755
2273941342
7552035160
0831892608
1673513881
2414036733
7249803532
1355518935
1622387402
1568810771
8536783426
5574925208
9867674376
3596145628
4052164228
9196759627
3797146212
3429701138
6622855970
8686741760
5034593351
1605399602
1305512559
3473344716
0861259291
9442815930
9476604218
5337752127
4749294360
9482437576
0577568677
4231461391
2056602207
7838272986
0339855928
4032329053
1313157664
8816670065
9659191384
8601617264
6636411387
2254578421
0908966476
0212590147
0268860559
4354970522
9538438631
1992794644
9992790666
6399947912
3828340208
4421817368
3634217801
3019642263
2764097255
9162755555
8018207897
6759199018
3000827225
6199652165
3098881131
7554919335
9960240379
4912609520
0743932244
6438794172
6933100200
8372000581
3803959370
6415233894
1416449630
3039899762
4770862966
8231986826
1704539614
6419924738
7310188046
2213170204
5063596509
5118125018
2268748813
4989661192
2608028078
4534705458
0431367470
2864004138
9669395047
2477596499
7640532064
5382104669
6183079798
4944367853
6015533584
1355752715
3051395337
9451120333
3318812134
5538054419
3238641332
3274986336
4781264726
2690695089
5985765572
4664089847
5177218632
7872752529
7608966213
2653329360
8871378592
8962581827
0404252486
6410503696
4455368316
3778649084
3397157983
6510637465
0872678313
8773576511
2334341360
1049995922
1132213728
0831224845
0844476248
2342851394
0287091898
0887201613
4561437965
1950672101
1188829216
9067026152
7359750573
7483956755
4397810802
8454327030
7193188508
6695061168
3755539759
3694316332
4328566811
5927299916
4370333585
3420654219
2955368172
8159827320
5588425495
6550133723
2628639246
8317165994
2754603067
5563296032
7651885628
7012606783
0429390991
7325669979
8901664232
4979270348
3587367524
5224624934
5795556406
5118189839
7465192069
2616332434
7473629498
4984973209
7306456437
4939765139
8646639832
8089486569
7777550520
4576762306
5408170695
5330989843
1574529436
4872657061
8413176435
1338390469
1380260803
9914237736
4670348865
4684778820
5908914258
0239212077
7686578280
8696678135
0164810565
9391291404
6367890505
7595931254
1494049872
9606467122
8857750854
1167976355
3476794008
0191179617
8865161942
0899996703
1138340296
9138537802
6655476957
6229416989
5192347632
2841437354
0884130992
4756487304
5556374662
6222926510
0163689029
9468422766
7246137967
8955867614
9055058491
2796200979
0269772233
5157442750
6545513359
9505825416
0354901414
6630233798
4960094238
4344358503
7372520925
3467858548
3546816807
7269737740
5430849581
3225205046
4060985594
8585866636
2860296721
7560783288
9961361121
0335423464
5661836501
0844473679
9209604653
6662989693
1567947792
7859953814
4636441667
6784902320
1232307808
8555436995
5294842151
5609429262
7011303285
8266498598
4917356877
1689841055
6319677501
4525890382
0734962463
8798901131
1806891672
3086629319
2947803301
2910610361
9322019487
4655450206
9730051524
8497911418
5715230891
9201659826
9499709915
6392983596
9935682937
7473122356
8359486325
3513351455
7889068224
4824295132
4242400447
2592293987
5893489489
7197682192
5942184352
9638771222
0153797776
2765338295
2876022016
5029822071
1582191113
1363888909
6660739068
8682118947
9851474756
7485344638
5993288270
6260995969
1879618955
1580070951
2458421071
2325177016
6107762877
9450708644
2957180711
4977774412
5110443760
8890332455
4859991746
4264611861
7733887905
5835216987
1470697162
6504041710
4638556652
1492919414
8209964158
4624784419
7724189694
3677189267
7193856026
2181844379
7860707062
1630671273
1536877948
2578741517
7341173062
5481134104
7637451231
9836071441
7305490138
4283667230
5359857624
3038089091
5505499166
4870514167
5642146834
3238969211
4595543282
9546985694
9127488331
3008835955
5934386786
8425428086
3751872419
3397409216
8223461852
6717538726
2778903050
7550087338
2176317595
5757795841
1571299997
4042044924
1959379527
9919708355
3684174751
8213947817
9355144426
8444096375
6040017160
7860070743
8953811713
3254632122
2732684430
8923257791
3972811863
9548569286
4801598526
5678306694
2997410413
9893516455
9578952829
0211504848
7957119496
4845469290
6000433138
2803456385
9596426784
8681375375
1552175841
8614758264
3242733880
0799516403
4978751929
6206516580
6348475191
9415381006
4426252996
4266568923
3996530727
1773873865
6892828533
8658474208
1736106168
2416175972
1914001971
1665537049
8297378202
3455982162
6226768665
8876259308
9248396436
4161927055
2962882490
2602867591
0517409558
1752889757
7122244990
7719268540
6154592440
8280976909
7704946021
9389365177
1411551600
2039197323
6245338115
1320138830
1958895871
3936064403
1514384017
5841690643
4021900068
6054179751
8981590155
9365056628
7047352072
6506726585
6703658166
6395301240
3785640526
4551711937
7327299969
2398188612
2179471953
3557190702
4771528205
6104965103
0052544450
3773553508
6717249428
9495103745
2017288779
4631929896
9485188558
0128907740
8092029303
2890502025
2983336609
3294461333
0943424378
4885329433
8750030918
8759664471
6245160062
9583219153
0150980396
2201369492
4502070984
5328455437
4445641540
5731872019
3670866880
4369956550
0465278292
2841714516
1347142619
2144908429
8665039131
8429272917
9734068915
3932933028
1398951056
0147722562
3539668882
4707593005
8563945563
7466152395
4984352136
4242167585
1838803417
1676135383
3864840132
8409223204
9481458628
1593592781
5662982145
3138959638
8139292462
5810627718
1476230732
4565027337
5999217049
9872112833
1241680206
1914433388
8224972312
2675447976
4149848075
0406653613
0773313439
4848795137
0630602680
9437034480
8290250593
1846095445
0311429514
9110158446
8009220128
9338886282
2043184756
2064848140
6573383220
6288076207
8971742998
1003116943
2090758404
0733274919
8167541084
8346270570
4460370805
3276885748
2478337623
9048898646
3455320585
1195491126
9233310833
3112710094
4544641070
0156217734
3708750377
4178889096
5190369402
6268252004
5006710109
7279220942
5539650006
4229692121
8065210246
5161004900
9800473475
8496207153
8314249458
3238234130
4777093344
1133952768
5414166459
1315432089
5761936231
6414914004
5899519814
6478040179
6589505725
4099072720
4652669712
1303660862
1842122362
1319976895
7516919350
4702658248
6454315047
4088715781
0792118274
7831446063
3787583546
3888252109
0823665151
7214854461
4874929228
3405672127
7305484182
2299839781
2478924517
2929883032
8102102986
5422159599
1635931855
5786285111
6209071273
4286146421
9675811414
5730091268
0388248119
7181749370
3142029467
2357650804
7458113725
7605672658
9204861446
1238728127
5087573508
9987997551
2494042991
2619150235
6628259253
1830610953
6189227892
2745557163
7731836437
3735045592
4848664492
2223643698
0717296195
6369753723
1474278526
7608033802
6716677789
0209359820
8372249290
2538932441
2654092667
7871516259
8291021501
7101729530
3781542409
7488167207
9122234873
5039757885
5390627101
8819622197
7909718383
8381439371
9341288142
5280313166
8986746633
5701424581
7431689322
4051060409
4484003095
5227493706
4062052488
6548280175
1429869162
9927209773
4353204248
3788707879
2501991634
6349059017
6428266496
8952907187
7012736118
5628925436
3789304762
0149068654
2598601417
6861272335
3579746456
3335654174
6391110857
4150023301
4450662653
6298662696
3694869778
8705425590
0778456418
9306863691
6662844464
1432971862
1697407802
8679886958
7501285733
2971136583
2373037417
6329743560
3894796389
9228360959
0961625420
5637935732
2462271731
7555013207
9111711186
5164569564
3938288431
7534618799
1653665351
7615656337
0814685087
2874838001
6173840082
7075037893
9324653102
9756704052
4816567054
7623106976
6144776015
5076314866
4951895403
9841863118
6284582757
9452655626
9071027458
9311896734
4125278232
6416112693
9787083800
5495300743
3155604176
2203334230
5090796643
9310312307
7894968381
6833026347
6888094133
7064789909
6309601234
4645460147
1333177782
7605168416
0812908292
2350131527
8026158997
3839254716
8261471744
6144149593
4987241491
9050966351
0318474965
1939795981
7998517036
2611131843
3227996478
1020107236
7050495945
4073947166
5044512836
5924392766
3133070655
3505829086
5262893478
0112246865
1703075440
4317330409
3441278168
4202774420
6963056788
1538875968
0348501754
3400507099
9599668030
6152871753
8875703549
2681368660
0584986988
6749667597
1059571359
1805140820
6075078935
6038495984
5159450714
6907121470
0053015591
2070327743
3409169244
5262102933
9527421210
7406563827
2923147463
1874852011
5162600666
9598256589
3557897878
1670444373
8410247144
1499445102
6080262083
5676787679
9572215022
8885083492
1286106082
5409017583
1392732588
4891999332
2226155124
8177527847
0778446973
8220665681
8394783607
8534247445
4441690772
4666381744
5497124923
1975144839
3150730605
7115511983
6132656178
9181620230
1057079503
6601096117
1719276461
2161666659
5020658884
5067359361
8100552652
2083938392
0696945183
4772907341
4964122661
7628805957
4229068633
0122589969
3749337026
5035383298
7517743931
5286226539
4512266036
7127932888
0587575855
9653966463
7324503592
6806826750
6126445158
2627086496
0357300912
5042768896
2323145817
6126926463
7235479475
9030221761
7266750471
5257429693
7839091153
5594724413
7170146757
5351301328
4973386191
9851502621
0222261606
2994066225
2227582766
2015244867
1990471273
8540192991
5655582611
4017240727
8497462408
9908040704
9685506912
3273980622
4729727548
3375959323
5041798944
9259807583
9540281497
8770591550
5244528243
9639042975
5904524118
5974130408
4822204252
4551146599
0057578153
4509141010
0240525671
2860185312
5373980978
0360116106
6251106072
0424709105
7761323594
6337317109
6736303047
6807009643
2213841506
2109202843
9889175620
2830258134
0366615349
9462981488
9812629030
2940971960
0443969367
4813085962
2300316638
0466787215
3162078562
4185842047
4113319552
3418280794
2570634819
6884807993
9069847625
8273665355
2455211446
2893864877
0572257721
7229217256
9856297851
8302912312
1325822255
2516519210
9296338130
8189874744
4334397505
8600026159
6571069747
2360361355
3623971555
0003300094
9391058797
1647944415
2812991165
0125321634
8566655642
3227043565
0228161391
9072400840
4505655171
5629369278
7729394722
0509720722
5092593094
2776262107
4090995325
3481944835
1522941921
3744799931
1586192856
7850454312
0935165763
5397194294
4045650547
3689142699
4937816187
3865291172
2546568993
6599661135
9762588505
0602080997
6050938669
7044105084
4945266893
3226865956
5041470062
9552475946
5793430061
2462975109
0700495769
9107248182
9513571659
7557142009
7250707968
2005304201
1588564432
1321999192
8909757181
9722033319
0401001866
4333473120
7833854886
4650239933
6979616208
9218648274
9452877463
7181021025
7791199455
0791668658
3497186689
8312701170
7784595680
9367533091
2954884739
9904245163
0537043753
0961247338
1500781119
4678002578
1999043246
3775461746
4505085045
9848598898
2899343029
8013693171
8578926563
3838259432
7801615818
5452338115
7013291975
5182195278