3014120366
8790769879
4608420159
3924074068
6922386041
1617315234
7803807096
8789959662
5931846941
3541913777
5979287239
0597756144
9541715183
5338554861
2566615815
6515147406
9890463292
5942625984
2386768765
6861361543
0378457216
2963523834
3194705585
7479675701
8455828109
5332598573
8909346179
5925624084
2450036996
0026594558
1778489859
3331006981
8488948472
9199712089
5351270596
2802516112
4975384801
2963953084
7286976911
1061585525
2174027895
4508609310
1658431639
6101947515
7950303148
1210172561
4250667345
1141393100
2505042907
4566330839
7063786208
2382409144
9678405333
5555138028
3728079143
8738049605
7859561021
4949444497
4258283667
4683046684
9456622044
7260056543
2267469020
7452219115
6623130131
4755153856
4690853035
5192288513
9277611940
0626297764
1489555171
3644914874
5834457326
3358604356
9337325565
8966322011
6958826122
6848642832
1355782274
5363100710
3574279212
9090471584
9950362915
4029677897
5320366248
6497770280
8795946836
4438006228
5576139710
5096942055
3079305017
2272367287
1531581252
1410932856
9376666248
6641478139
3261878160
8190739144
0527420558
0558971759