9904115141
8465769221
1869999863
6850025972
8153579306
9658692429
8386937136
5746025755
6885189740
6619047806
9435709546
2589469370
7789003103
5826984885
5743970304
0805671186
0458778016
3252285269
7102718423
1681208716
7870001754
4287177940
3967582206
3962531050
3300476193
0262436526
5568728833
6828183591
2662408408
3738200910
4454412496
9610225450
2650485182
5611580076
0092456163
1792824855
5562814799
2506543727
8787733774
6761311184
0461963990
4051916326
5951512434
8453609225
2026609319
7226273555
6751896303
5541964749
2751246390
5657186262
6324487577
4295959006
6321043808
4135078904
5741373093
8110109785
1758592674
9722974190
6459330063
6229472522
7977484993
9285109431
3488395536
8686692051
9882415375
1651074927
0250920915
4174792163
0115222047
4180616171
9024054737
7864983500
8149207399
0592635682
4273665223
8150030793
7805434974
5390636581
5548520938
5592324025
9758712038
4135387202
0571563300
4384991233
5148270405
1731937412
2022979236
0316817188
1163010821
2139425287
1970350434
9948313895
2602133236
8933172419
6194596863
2590375741
4375941738
4116655251
9770453136
3109871334
1858597439
7229301430
1984844953
1396864090
2636551011
0299148697
0247416848
3379724202
6148522991
1150739758
0057164061
0095555551
7178078897
4656927662
6070018215
7437190066
1551563891
5844084279
2134096740
5774614517
7309558045
8348113980
8166696827
1768139788
3051289351
7057264418
8788283626
2441212426
1605799205
4018732869
1660637362
1286960785
2540366002
6640664505
1870177062
9714563811
7847443417
2358425974
5700363994
1356981198
8462320490
7218636785
5053947634
0804144787
0398828151
5070692648
6266006261
3081182691
6235940611
1048476808
7357222815
9857067393
7723984991
1018816913
5428326173
0732200570
9693897116
2828581095
5781699298
3799370794
1651229110
6210137770
5677160216
1919267657
1368113570
9388026604
5750024189
9923925770
9506840379
7525151688
3876685852
0946210729
9520148706
6459245258
7549413401
8314945517
9149577441
6011610767
9628888120
0813319885
7742825300
3008521541
9215178706
5550308571
1372976339
6429267935
5053265626
6095080264
3108671211
0027783837
2896388599
5583409940
6720133040
0859916223
1314315401
8055192262
8464530976
4613438836
5609121936
8888888888
1072454705
6522674870
6229510167
3652021273
9457570957
1551770682
3847486945
2440310448
8742857420
3874669686
1552310351
4808165217
6936682092
9109547045
2727972338
7819616958
3712425709
2632514833
8068863659
5805451175
4373434043
2355907397
4111164720
6567911570
4007290690
8486425298
9462396772
4417092817
4941398665
5436388904
0140420559
9474474599
9200457421
8957220466
5433214561
0791386669
8798039743
5000990180
9562342059
6916178050
9913040510
3206743570
1103346995
0580665069
5667925040
9525742767
6517422575
4833538519
6870237056
4926797899
2055162011
6145543480
7910536246
7464555189
4535389396
8137539384
9600323867
5710054655
0455177720
2490475593
5184879424
6680950778
2757623924
9143403933
6175519013
3652075393
2740371503
7997696407
9823177543
4161131297
9239513137
6528805348
7296690982
6704559353
1370826787
4434025966
4195361311
4383502360
6942797192
0909813592
4663504656
4207696494
9645647682
9026350705
6815190516
5570389282
3623441630
6685497689
3912163950
3221118503
6890903657
2256737845
0680087738
2984933725
5403589097
6692047248
7498012310
0399109122
1399023828
2311188417
6391324280
9694397478
8796482724
1536675476
1620315095
8377263784
1233603314
4633745381
9556530410
8624534781
3839635250
0926952868
7724315853
2898245392
7871720669
0948641605
0093911796
3746190733
5528189891
3355699191
3432662016
0498859302
9766988036
7354702685
3312994785
1382113890
9873300165
0886512261
9829821742
3318584159
5538075029
3186062278
5169480573
8019324215
0842647169
9376550372
1557070824
5081995694
3189139062
3254192631
9605710046
3131126948
6006522595
9446283222
2648046514
8550881503
1037297731
2604840701
0045524500
8786531828
1533231271
7749448314
1951447373
0676152909
3113784382
1273151546
1118754559
5943234732
4284878872
7063125234
0458646914
8558949651
0026573231
1861062950
1151505699
3606371591
9126626883
8460208173
1081185929
3437672621
9373364412
7276208112
6385338303
2814968250
7030272790
8146553695
5095949880
2066624705
9368166145
7608489856
6170597446
0665370350
0776059361
4351237920
9010168499
9263001008
3799898109
5346684181
5503888520
5228048166
3426205652
6785193678
0170815520
4943389224
6508476154
6529994273
3500116012
3583088313
5101887122
1121231234
1638628025
5124120470
8410917721
8973705419
4854062534
2846481198
5740315542
6311725621
3462050662
5689650238
3987083596
1008333939
3453906744
2743682024
8596466862
7381068629
8793764407
6784519101
7644019758
2754823580
0056776369
3691272024
6096079872
0581281868
1337367873
9244639408
1352196782
6046535917
5257589261
4807483171
7359873629
6407258226
8066486927
5076711344
2911762131
8489067113
3373468708
5672269365
8146732574
9368325153
9596990561
3761554885
2400047348
3930588400
4254389686
9470814595
6480650608
8884268026
0861005975
1890031051
1241339108
5987384966
1491878610
7015510901
5295051521
7102547072
3174862534
1974221163
6655725626
2845396570
3391220979
0654563490
9755962359
5642910860
9900773492
3942627836
1194755471
5579482844
6837564334
7760974312
1369263445
9826002568
8715077285
8483378482
3340150996
8819610623
0522026825
1529986714
3328557922
7990420341
3347107886
2783490451
5081347231
2400105060
0269362472
3303290706
1645679918
3429362267
6691308814
6735456284
5254931810
9423041961
7546958451
6998004843
9248594559
0189136906
6634585209
1423810497
3856454584
5551234567
7091113928
0698626363
0656140357
6165289218
0138119873
7620640559
9581992261
2158153509
6486697413
0973841401
2077419803
6274116068
9657334990
4934916074
5500538122
5122731875
6346399947
9880196905
8764540598
6235236288
9354755848
6566956280
0057680346
5124406882
4207647985
3312174808
9772877004
5526882235
5775827154
1494928981
1376881865
3120042218
4059323819
9317781877
7010664073
9240875404
9226519500
2251072445
1505282143
7996211692
0231333652
9449100829
8102508488
4001765310
8504900619
9509947627
6761994666
0807608972
2578495742
0037844461
8585580028
7788166318
8090781616
0902078142
3857841313
2015826475
3969963558
5677811618
9523691588
5061057694
7750576016
6338964245
7236390787
0262875250
8148966180
1851244187
0890339606
1160229067
3776970405
1314780823
8262178111
1560729683
7765151529
6474090201
9892879508
9881630490
7723732460
5642755238
6791584674
5880101645
6309012681
0937555805
5000204816
7675978403
3288651633
8149308243
8227408122
2951597011
8577512995
6958729449
8815245658
4476545911
4351856991
5139141840
3193592308
6745452862
7867798165
2030501055
7618472189
2468013579
6375774239
8346087334
2920646762
7291635166
6231508116
1400511563
6120866451
7345890521
4659290300
6041304446
1939251435
4810568819
5802909142
1094229284
8361015377
6163237120
7801663362
9010499848
2984175305
2122745162
7392802502
6476888657
4329652383
6737545221
0177776642
7574938540
4208362001
5894675651
7075265116
4789072496
9645154938
6852906412
3645063676
9108541819
4236728633
6773889613
1824174209
3164810454
2064313634
4414311624
5195116964
2084188658
6947658285
4914627889
0596588485
6860525517
1833796656
8822190344
0614375372
1809760715
1857638917
7307188536
3084480019
8420417748
8758074571
6167733670
5233253205
2496589246
2698939613
1440669924
2193840383
0831086475
8288522878
8420767092
0305583121
8648218669
1248736224
8086316681
5092300800
4575446227
7477947604
4529219852
9361648467
2382720065
3704729985
6949114558
4758783592
5350709384
4192691157
4895948979
8875991497
1136068006
8956074877
4268837121
4602340916
7858379074
0370800561
2890995202
8975351694
7096337229
5054991568
8066867876
2549151874
0323111760
2064852916
4214036166
1926083529
6247643220
0400099790
3627364883
7907024689
4796564883
0158906787
6556844125
6016273473
2743060750
0599532224
9367047522
1695952585
4846877340
7242758485
0476731831
9809844058
8855385286
5764005080
4661106407
4708378510
7011933887
4086425282
0920387935
5122525191
0699259876
1124637173
0429403806
9798581397
4246399006
9071010122
2365144406
1400936178
8024790347
5897439948
4670145356
9947687333
3083315647
6161190182
2798716910
6573625129
4273858349
9549417603
7443009144
3436527649
7600209256
6703815693
4357081440
6237692918
9294551651
7772035328
5048925953
1031955680
2330065268
0627947912
4010663181
4523614028
2587877490
6817972191
0185838601
8187666593
8268116044
0804348792
0743616879
2580558829
7526195167
9526120168
1873557143
9351727014
3903158939
8501303568
7182671522
3542544208
8585117005
0834114803
3660716817
2773817045
8010291868
0335672342
7610640485
5420851341
2597384941
5080472306
4977473557
8715359534
5653262136
6404340292
2220470898
0351583142
5044712347
0746806793
2817335075
6492667902
7430456983
1830836462
2359531591
4585655431
5062098324
3474775178
6188922220
0294169268
3005729430
3101523202
1111122222
5080207036
3252365741
4561601862
3722984551
6834830877
8924416097
7003599967
1492222725
4123420814
8485216981
0853128601
5772144661
7700964529
2425442713
7543329648
1258154528
1047660785
2515285266
2795938970
0802767377
4252229928
3123368744
8987971987
5272214218
7100840422
7310277469
3412395419
1213177314
4134284888
5233180783
9066571099
9368791914
3926385754
9387642279
9869543789
6938027625
9782952396
5753698010
4273575428
7578383018
1196455868
2639646998
0298176583
1900906742
2210844694
7275312012
1301500050
5678663227
7577268509
4780574592
4791623654
1697413892
4308079050
4270554713
2775021678
5302565806
5490385587
5911605881
8488563585
2927112638
9054139656
1201346159
3045849689
8761322974
4161994288
6741758136
7618508897
6667419068
0765974315
1347033284
5281054266
4577198075
4516558028
3829220664
1160490471
8020463186
3441623418
4284748134
6341043504
2364010422
6808036783
8911677883
2765239196
7655129970
9224640336
5756334955
7348034505
0222895495
9275284653
4528490633
5849736038
6932177635
4457826076
7475345984
6706265317
9763976708
7584640246
3193474331
1038612008
6098875247
9419853321
5894921244
7862650142
1868962149
6984993045
8470096682
3526465634
6950315267
4430538409
3969534852
8252950498
3229925519
8435795636
4900795099
9724406715
6390414154
9279998024
8919753145
3237093593
7843885558
9146755491
4413274117
4558713663
9455463354
3696573396
2397431037
8412188260
4534305022
4403127448
4233692538
5303232257
5408247009
6570912478
3065518432
9417224896
8500402073
7862236559
4155972269
8366153025
5743588569
2977149648
3688696076
6917930582
6903049199
7689950711
0055832702
9307243961
6444154713
1211785201
9772613364
6073078037
0220525101
3234281542
1581932164
1898306013
5461312775
6483930340
2801854285
4090114215
5817165621
6644478405
3945900124
1182536435
4497007005
8200452181
5560237235
2911826015
5413790267
5465064247
3267752574
4775037407
1098597946
7424366276
5907210113
8928459175
1723063557
2396428983
4527224340
0576246649
3974066410
1118083046
2044948111
8698803572
9244988130
4565668413
3611954337
9534652345
5368542922
9521719755
9868174840
5464973830
8565262908
3433566706
6157008060
6768308836
1196998675
3772592443
5533357310
4423800562
1234567890