3387736352
8842327383
0565330325
5434928301
5483891893
0402779755
1568217274
5806225609
4583693114
1234567890
7505069344
7571939115
5461672145
0068631201
9795367765
6583534131
9723967042
1624492814
1151066028
2468013579
3792800981
5618031336
4253531149
3034290541
7856215729
7073105676
8313916788
9505264370
3862022973
1111122222
9880440488
9494695878
8946141733
0507649466
5693921430
8244207011
1094965551
2663755897
3583988666
1121231234
6931182076
8551410504
1450278720
9236552795
5843573522
8271789377
8834730324
1846166847
5551234567
8888888888
0241995716
0252497353
0162920251
5572746603
0063062735
7806310980
2599973556
8778791140
0155183117
8750606778
4505316593
0130968961
2816352311
7627225629
6869453964
9623516615
0809801361
0489247602
6426478319
4420290150
2802068962
5354826974
2801884191
3059351741
7798671351
5417728798
9155007333
5868473683
0416570496
6603688717
2059823338
3257229379
3540375778
1181908512
0747064995
7790746182
3788020008
7287528616
5325883162
9842591181
6032056406
8729310357
7681049158
0602576918
6940654459
7919955779
2776488534
0659880812
2090980787
0779738585
2699596180
6564248994
2796572238
7931088159
2595338544
5842922542
8974266648
5074236721
5657129309
9237069540
3730927117
1067540067
7939295272
6998193280
3681138501
9761837381
0198738802
5175986360
3479445162
1114934253
0911538945
8286975694
7330965711
7856040868
0165473516
8572095057
4853731728
4649121927
7479047102
6653643449
5937245911
6412839064
5205163263
4749635427
4658736470
8766941379
4474818869
8529874098
8954927654
5938034686
3013119150
0272465986
9898374548
0049902622
2651124995
4982863672
0427922199
0815894446
3410582143
4396331025
1961905120
7237130346
8229053511
1972525088
0069782703
4182124654
1972524354
3521454261
2178871138
7819012042
5269786553
2624114720
7602594402
0088918871
2329495614
0530804760
9248844435
4151389696
3883542191
6878009614
7463103642
0138332196
4090243188
4262194978
3615777918
2059290013
7403552301
3934123159
6445719104
0181185455
3388853088
3344209019
3819996888
9292379448
9022183198
9906228487
4864622139
9063054328
9995340115
9486378737
0924766486
6996744462
1482375660
8451309707
3330481202
5723629071
5359219666
2674481857
1783077335
6941071643
7082329727
3688486821
2270649771
8765646353
7452810380
0944938623
1748742407
4472295930
6486915540
7096401524
8676785746
8168118744
0279871970
2102809923
7308281184
3590345125
9247714833
4191020383
7639027868
6018272794
5663699885
0561581645
0309074676
4827847282
6066574825
4571702208
9600141414
3426533284
8279920174
9289666098
0534287035
8055922109
2273699777
6038784079
9641367021
6408946509
7721466194
7705637752
5058364671
4021907845
5128031886
6749237142
4316463775
2429673990
4600032190
2050099703
5320396587
4079584868
1735815415
8321377742
0474893205
0455916417
0752274821
4131755748
4190414662
6224199601
2364491075
1933503026
1893942949
2807054302
8262975022
3659441383
4859000175
1768222150
7715244840
5345086607
4938853245
2257081571
4260665634
0990877755
4455090662
8321796731
4053259216
3364593756
4688247931
8796937121
0599093619
2100644276
0374491303
6637644822
5211411456
5114166511
1752209854
7528573064
0668472514
1819699285
2696354033
2176172252
0280921771
9043173955
1364028047
2798629654
3763138193
0181143118
8812464795
8035995577
0436273219
2197114238
3372198366
3489077666
3814405809
1039760299
2414004543
5539619704
6346929686
0459526755
4403103829
9548064968
5734620680
8239168712
4673739916
7626617119
5455210955
5528349614
4870617974
3884101047
8450662415
4554763874
7969952478
5672297155
5504866115
4537330198
5557263066
4650961187
9898958706
6219700223
7165428508
2802262485
7072498646
4325302520
4609420276
2591210337
0872838622
7037389257
1236302573
3609598910
7725253948
1847832299
8056918364
7452520692
3223487469
4029219689
3721622892
0340230966
7100626569
9193178796
2670699196
6948166815
1614888265
3569879370
7770988862
2335242287
8728771910
8142716226
1557010584
0673309710
8322429742
3289690471
1610030997
1628343879
0090234786
5600846274
9627383216
0161613215
1427620366
8041136169
5529436978
0192401946
3379732339
7429529851
1820660440
0979724177
8027094479
7299605002
1851058125
9512275411
7095091123
7715769471
9595987733
0581059149
9471165019
8082651706
4922410048
0014595491
4474404457
3568003421
6403155999
6869345164
8082043790
8554945273
2609968857
1522146422
1241074372
3398272877
7701171797
7154744040
7734546560
7942320237
2856541093
4229724456
7542839321
6638040138
1731191606
2597558424
9350335859
5991308296
6802709272
1334227046
3274297854
7291444204
9436743256
8314984095
7551575905
0744059685
1171969105
4307734203
5834554252
8028023078
0867224109
4215743407
6401509556
7678255085
7343927589
0172830336
3738861777
2059642208
5186229036
3903271425
8467935164
8683567136
3026804457
2737169016
7486475826
4855998324
8822279489
1159536690
8315967662
8967909084
1893323765
9006618611
8596016642
8120262219
3428292097
0575125721
0130088689
3376828670
6438345521
2063330783
6139068430
3010123484
5636022107
4348743734
8927391505
2841535688
2092883315
8711673678
3228079076
1417245288
4121095230
8955934735
4513416839
6814689502
4942527253
0479415124
1980727434
9890479048
9346006500
5082512609
7033062677
9328894573
8843501271
0677819210
3216915863
2042923952
0981772473
2913622946
6259553956
3775300209
7980186803
7321337745
9170687191
8258817993
2527696385
7610149294
0173297428
8783651777
3047124404
3638671785
0655124177
6214249769
0581825625
2738549583
4319463270
4126038759
3067284135
0527820168
7349192801
1610911111
6355743833
3892725190
0336330100
6883019027
5514291120
2001367671
3815168975
1464559667
4708464247
7587698756
1663338936
6469445019
6046157186
2051389853
9213101481
0371967642
5293062650
3168176488
7836512343
7024528853
3435024519
8675224521
4482762771
9276634680
0321444120
9333775156
9725739682
3432512776
6099698854
3141152987
0978266804
2938924872
9190830739
2079241124
2055459358
3921279529
3815637235
5130157579
2422871823
3047029900
0924728269
7992391537
2619473565
0671352007
8691844200
1900075411
2593118090
5688666361
6329170137
8051090869
5470666693
3005728413
4646769517
1885644931
8808225433
7810017982
9497636510
4741652480
9460008960
9480710294
4763523255
6060676827
6124486087
9178837916
8860493745
7372146332
5207794249
2601246518
8443376204
1534833993
5109767681
8956993731
5535493810
2904995684
9568154701
2466037729
9829719356
5133868666
8311980754
3400312998
9189278684
9082299483
8432599277
8826626419
5133097329
0984202476
8626799395
1234158926
7653251181
0948266475
8515281672
2951540788
7134975562
8286756900
9079209404
2385133375
1529899330
6679624219
9849419756
9669226159
4282568785
0301641887
0795824778
4299443393
7900760827
6282163961
2674969264
4158098985
9573333499
9281129260
7084993621
6104441351
9304455670
8903706501
3031479258
9183691198
3243355041
8652098695
2973463760
5188503705
1549643456
4580318928
4611162003
8804902479
7274991442
6667456145
2990474858
9168848218
1408693543
8124763885
7630168419
3684603440
5287503728
5780097600
0335362839
6903315943
7062898022
3627191578
4850095563
6256547843
5888055564
6156381918
5140391475
8670624364
8969970046
3509847806
1234502567
2929206729
3280557224
1279514871
1369532048
8687626239
2546942178
0604776401
0487083918
7270368887
5976147072
5260794929
2396267623
9898850494
4020634234
4336508979
3978510326
0641615750
7985271732
0375259531
5803275000
1901363433
0596658108
3373353747
9207578344
1709318009
2925339737
9381891485
3770155980
0223582649
6606003950
8973986436
2134130788
7193439374
3491497011
3709935172
1870515557
7371344178
2428968698
7294492933
7271418485
5273915515
3333989061
5280855199
5083033383
8658614535
0822883928
2312205048
3611207141
6435783048
9023658156
9134451811
7699169024
7970978988
5177014630
3800003508
3642973886
1346340361
2527281247
4813641515
3713285829
2328341952
0608650565
7139851662
5501590710
6236616202
9273026170
4692837147
2357876581
6164059863
9564282483
3450026212
1256983207
9266189196
5842175110
3417015572
3734916000
0344796904
6899891914
7767836568
5512023365
5688509212
5853123253
3558162332
8027371500
1903992255
4363197129
2364435882
2475992715
6758107236
2326631493
8150670581
1172231416
8476554701
6518388150
9710136893
1060224026
7045259012
5729282754
7425390481
0966364129
5573307614
6207907253
8301602898
8113305017
2700044623
3530239165
3692336295
8500135772
6559348501
4999454366
8358996040
3191628389
2141791084
2340644402
2291146679
6517857529
5490965219
5143968978
0897939123
8501966792
8972183960
9303392088
4966904946
6834122678
1244904343
8349401652
2539873546
8056296178
3631434445
7476675142
8355874852
3878389470
8061781021
7333692893
1323007954
5236508432
1043257223
1341080365
1066660676
5688668110
4526287384
0421533967
5391449053
5877444244
9219923990
0637545109
2817627071
0873835542
1326138742
4070195715
6935524153
0179032109
1036341611
9621771031
6466455422
4337940566
3874113588
8359243060
7923449876
7139215945
8900357965
4580859222
9800313879
2361342039
9254531890
6573973300
4796437357
8248342503
2765586738
2516108015
8356743124
5183547348
1683441565
6280945140
8101375638
8230690989
4982160538
2456285043
3742456311
2126678009
9356439167
1740575035
0479275515
8601161624
0752983222
0350876696
3126190920
9170009504
0490358087
0843314442
6469519533
7232251046
6253395203
6914803757
2849638385
7793117847
7443107961
8004421646
1686972698
3738113826
8446463875
0594315406
8886320178
8109288290
6555174077
8311661770
2359495176
0728458368
6136998506
7137360693
1448909916
2522888223
6676162211
8956667681
2273219313
8511520277
1593013745
8703263648
2488323887
7752949347
2389730119
8944926883
2465132755
7330226378
4027062972
1537481979
5057307119
1589372319
8121427831
9401806084
1315319856
4829120305
7807768037
5283867249
5713593416
2915571083
4389130787
3425105238
3638058861
5702020274
5117781257
0511334279
5638394620
2535871433
3107291025
2984690820
4930826195
9543159065
6959451798
3755495280
0109194866
4323219446
9209640952
7113578646
8374382344
6236346382
8572910925
1600309802
9779158166
8738907551
2961733476
5479913805
4024668825
5665419645
0559269554
2700197924
3748852719
4688617613
9484575988
9214036610
7297684538
8477585542
3881666885
4086631500
3836791801
9262457737
5164374352
3944054701
9595799445
9285471191
6406787016
0300008120
4081114652
3282705784
6357276113
4313319009
7641372471
0421308002
2235464137
2321572210
0559284276
5073164551
5315243849
4920760366
2059455488
5567018320
3796456255
1108635943
5171876254
0969176120
9521860911
4580779073
4064232718
1502999729
4652285741
7274487315
7583077088
7157874102
3920300088
3698160058
8714030093
1177627154
3682330424
5825484321
0914005245
4544199465
3697788153
4506394401
1290357108
0195432321
5641968296
1251099743
2540763196
9509138000
9394882287
8337453364
5292374054
1974576655
9149202405
6206553581
1673729874
6482766491
8166367448
7584258506
5722249714
0978494292
8635738504
0118991745
6395350445
8468139331
1865291082
1597685070
2766354516
8708913569
1319514894
4394685824
0434392530
9828055434
6073488973
1215041009
3040523422
7787554982
6987468159
3913130299
8865422821